NTC_CAL_COEF=72.803,-38.42,0,0
T_PROBE_CH=8
HI-=435
I2-=596
ISO=494
MOL_ABS_RATIOS=-0.00132, 1.6E-5, 0, 7.2326, -0.0299717, 4.6E-5, 0.0223, 0.0003917, 0
DYE_CAL=0.11, 0.00, 4
LED1=27
LED2=50
LED3=75
AUTOSTART=-1
DURATION=-1
AUTODARK=30
